stop_id,stop_code,stop_name,stop_desc,stop_lat,stop_lon,zone_id,stop_url,location_type,parent_station,stop_timezone,wheelchair_boarding
2,123,123,,51.2290244,4.4259458,,,,,,
3,121,121,,51.2273758,4.4306653,,,,,,
4,106,106,,51.2057004,4.4324161,,,,,,
5,97,97,,51.2029589,4.4286304,,,,,,
6,29,29,,51.2018218,4.4060142,,,,,,
7,42,42,,51.2022277,4.4121459,,,,,,
8,90,90,,51.2045829,4.4046785,,,,,,
9,89,89,,51.1984384,4.4022826,,,,,,
10,92,92,,51.2045397,4.41059,,,,,,
11,91,91,,51.208789,4.4083232,,,,,,
12,127,127,,51.2282814,4.4133344,,,,,,
13,104,104,,51.2081612,4.4243359,,,,,,
14,52,52,,51.2259275,4.4145727,,,,,,
15,132,132,,51.2117298,4.4377949,,,,,,
16,78,78,,51.2091875,4.4029221,,,,,,
17,79,79,,51.2112146,4.4074328,,,,,,
18,83,83,,51.2077494,4.3984205,,,,,,
19,99,99,,51.1970837,4.4102753,,,,,,
20,103,103,,51.1929087,4.420915,,,,,,
21,31,31,,51.1930814,4.407981,,,,,,
22,100,100,,51.1949438,4.4165581,,,,,,
23,7,7,,51.2010261,4.4340361,,,,,,
24,133,133,,51.2296249,4.4113027,,,,,,
25,18,18,,51.2182168,4.4058928,,,,,,
26,36,36,,51.2164172,4.4059315,,,,,,
27,105,105,,51.2090852,4.4322771,,,,,,
28,11,11,,51.220011,4.4166477,,,,,,
29,114,114,,51.2222998,4.4337103,,,,,,
30,134,134,,51.2281035,4.4055734,,,,,,
31,88,88,,51.201107,4.4021156,,,,,,
32,70,70,,51.2148427,4.3962755,,,,,,
33,85,85,,51.2057868,4.3987512,,,,,,
34,84,84,,51.2135657,4.4049347,,,,,,
35,82,82,,51.2087419,4.3874147,,,,,,
36,17,17,,51.2188563,4.4011724,,,,,,
37,59,59,,51.2210012,4.3966865,,,,,,
38,34,34,,51.2109518,4.39035,,,,,,
39,66,66,,51.2169847,4.3992541,,,,,,
40,67,67,,51.2157697,4.4031601,,,,,,
41,65,65,,51.216409,4.3936556,,,,,,
42,15,15,,51.2078638,4.3942985,,,,,,
43,71,71,,51.214888,4.3925025,,,,,,
44,75,75,,51.20991,4.3910682,,,,,,
45,64,64,,51.2190777,4.3949029,,,,,,
46,98,98,,51.1998684,4.4187319,,,,,,
47,5,5,,51.213052,4.4215553,,,,,,
48,10,10,,51.1984919,4.3906928,,,,,,
49,87,87,,51.2008431,4.3942068,,,,,,
50,60,60,,51.2216268,4.4005219,,,,,,
51,81,81,,51.2047196,4.3876463,,,,,,
52,23,23,,51.2170734,4.4088689,,,,,,
53,57,57,,51.2215594,4.4026479,,,,,,
54,4,4,,51.2173843,4.4200321,,,,,,
55,122,122,,51.2246647,4.4365882,,,,,,
56,131,131,,51.1937609,4.4121719,,,,,,
57,117,117,,51.2254167,4.4184017,,,,,,
58,56,56,,51.2221574,4.4046113,,,,,,
59,86,86,,51.2034748,4.3918559,,,,,,
60,20,20,,51.2186591,4.400682,,,,,,
61,43,43,,51.2035883,4.4153027,,,,,,
62,116,116,,51.2100549,4.4174378,,,,,,
63,2,2,,51.2176968,4.420735,,,,,,
64,95,95,,51.2142634,4.4161383,,,,,,
65,93,93,,51.2051648,4.4134336,,,,,,
66,96,96,,51.2134273,4.4133563,,,,,,
67,153,153,,51.2184667,4.385665,,,,,,
68,152,152,,51.2200005,4.375653,,,,,,
69,145,145,,51.2278547,4.3785566,,,,,,
70,147,147,,51.2240832,4.3779016,,,,,,
71,94,94,,51.204726,4.3962348,,,,,,
72,146,146,,51.2276716,4.3858453,,,,,,
73,151,151,,51.2203716,4.3785093,,,,,,
74,149,149,,51.2205782,4.386557,,,,,,
75,148,148,,51.2232564,4.3861752,,,,,,
76,150,150,,51.2200208,4.3817159,,,,,,
77,46,46,,51.1990707,4.4154979,,,,,,
78,3,3,,51.213055,4.4216347,,,,,,
79,110,110,,51.2068582,4.4301162,,,,,,
80,9,9,,51.2089702,4.4376718,,,,,,
81,112,112,,51.2034322,4.4367612,,,,,,
82,60,60,,51.2112828,4.4419905,,,,,,
83,111,111,,51.2099856,4.4275495,,,,,,
84,119,119,,51.2154833,4.4256344,,,,,,
85,125,125,,51.2260362,4.4234149,,,,,,
86,144,144,,51.2313198,4.3787005,,,,,,
87,142,142,,51.2333788,4.3826199,,,,,,
88,14,14,,51.1967882,4.4058102,,,,,,
89,19,19,,51.2193205,4.4034671,,,,,,
90,22,22,,51.1998085,4.4306661,,,,,,
91,24,24,,51.2179488,4.416551,,,,,,
92,25,25,,51.2182705,4.4151347,,,,,,
93,27,27,,51.2194992,4.4119588,,,,,,
94,28,28,,51.2214999,4.4087216,,,,,,
95,32,32,,51.2217663,4.4207053,,,,,,
96,33,33,,51.2262254,4.4095848,,,,,,
97,35,35,,51.2119708,4.389903,,,,,,
98,37,37,,51.2146196,4.4109085,,,,,,
99,39,39,,51.2109693,4.4340345,,,,,,
100,40,40,,51.1968888,4.3966556,,,,,,
101,41,41,,51.2099905,4.4106577,,,,,,
102,143,143,,51.2312038,4.3860889,,,,,,
103,140,140,,51.2313735,4.3915686,,,,,,
104,141,141,,51.2353007,4.3868764,,,,,,
105,135,135,,51.2268157,4.4005433,,,,,,
106,137,137,,51.2297072,4.4058353,,,,,,
107,139,139,,51.2310601,4.4124994,,,,,,
108,138,138,,51.2312281,4.4033608,,,,,,
109,129,129,,51.2282081,4.4095138,,,,,,
110,126,126,,51.2280604,4.4190514,,,,,,
111,118,118,,51.2272239,4.4223131,,,,,,
112,115,115,,51.2227868,4.4242813,,,,,,
113,102,102,,51.2224879,4.430589,,,,,,
114,101,101,,51.2241448,4.4320364,,,,,,
115,120,120,,51.2275833,4.4391725,,,,,,
116,124,124,,51.2298307,4.4170896,,,,,,
117,113,113,,51.2187139,4.4396682,,,,,,
118,68,68,,51.2145086,4.4436539,,,,,,
119,47,47,,51.2013818,4.4237636,,,,,,
120,61,61,,51.197817,4.425373,,,,,,
121,12,12,,51.201207,4.3913023,,,,,,
122,26,26,,51.2181649,4.412182,,,,,,
123,44,44,,51.2057937,4.4183639,,,,,,
124,49,49,,51.2258008,4.400906,,,,,,
125,45,45,,51.2267602,4.405519,,,,,,
126,53,53,,51.2249131,4.4118696,,,,,,
127,51,51,,51.2228385,4.4061914,,,,,,
128,54,54,,51.2218835,4.4127936,,,,,,
129,50,50,,51.2236986,4.402962,,,,,,
130,55,55,,51.196949,4.4284267,,,,,,
131,58,58,,51.2242151,4.3991841,,,,,,
